File	Side	Container	Position	Begin	End	Low_Freq	High_Freq	Agg_Ent	Leq
348	B	Loud	7	0	30	20	8000	5.467	-35.2
348	B	Loud	7	0	30	20	1000	2.834	-59.66
349	B	Loud	4	0	30	20	8000	5.648	-35
349	B	Loud	4	0	30	20	1000	2.759	-56.82
350	B	Loud	1	0	30	20	8000	5.102	-38.04
350	B	Loud	1	0	30	20	1000	2.427	-60.05
351	B	Loud	8	0	30	20	8000	5.295	-37.54
351	B	Loud	8	0	30	20	1000	2.697	-57.81
352	B	Loud	5	0	30	20	8000	5.172	-38.22
352	B	Loud	5	0	30	20	1000	2.696	-56.53
353	B	Loud	2	0	30	20	8000	5.608	-44.1
353	B	Loud	2	0	30	20	1000	2.486	-59.9
354	B	Loud	9	0	30	20	8000	5.181	-35.8
354	B	Loud	9	0	30	20	1000	2.432	-60.79
355	B	Loud	6	0	30	20	8000	5.591	-42.02
355	B	Loud	6	0	30	20	1000	2.615	-57.41
356	B	Loud	3	0	30	20	8000	5.475	-44.67
356	B	Loud	3	0	30	20	1000	2.922	-61.11
357	A	Loud	1	0	30	20	8000	5.077	-37.19
357	A	Loud	1	0	30	20	1000	2.256	-58.28
358	A	Loud	2	0	30	20	8000	5.14	-31.54
358	A	Loud	2	0	30	20	1000	2.439	-55.17
359	A	Loud	3	0	30	20	8000	5.225	-34.93
359	A	Loud	3	0	30	20	1000	2.33	-56.2
360	A	Loud	4	0	30	20	8000	5.191	-35.33
360	A	Loud	4	0	30	20	1000	2.091	-57.69
361	A	Loud	5	0	30	20	8000	5.47	-39.33
361	A	Loud	5	0	30	20	1000	2.745	-56.64
362	A	Loud	6	0	30	20	8000	5.148	-34.38
362	A	Loud	6	0	30	20	1000	2.453	-57.31
363	A	Loud	7	0	30	20	8000	4.862	-29.72
363	A	Loud	7	0	30	20	1000	2.439	-58.06
364	A	Loud	8	0	30	20	8000	5.036	-35.23
364	A	Loud	8	0	30	20	1000	1.967	-59.34
365	A	Loud	9	0	30	20	8000	5.288	-36.99
365	A	Loud	9	0	30	20	1000	2.403	-58.23
366	C	Loud	1	0	30	20	8000	5.364	-36.58
366	C	Loud	1	0	30	20	1000	2.558	-57.72
367	C	Loud	2	0	30	20	8000	4.67	-35.1
367	C	Loud	2	0	30	20	1000	2.284	-58.56
368	C	Loud	3	0	30	20	8000	5.226	-39.41
368	C	Loud	3	0	30	20	1000	2.039	-59.06
369	C	Loud	4	0	30	20	8000	5.097	-36.84
369	C	Loud	4	0	30	20	1000	2.598	-56.16
370	C	Loud	5	0	30	20	8000	5.062	-33.67
370	C	Loud	5	0	30	20	1000	2.41	-58.28
371	C	Loud	6	0	30	20	8000	4.984	-31.75
371	C	Loud	6	0	30	20	1000	2.727	-56.89
372	C	Loud	7	0	30	20	8000	5.145	-37.04
372	C	Loud	7	0	30	20	1000	1.685	-60.21
373	C	Loud	8	0	30	20	8000	5.124	-39.62
373	C	Loud	8	0	30	20	1000	2.557	-57.04
374	C	Loud	9	0	30	20	8000	5.042	-34.41
374	C	Loud	9	0	30	20	1000	2.594	-53.36
375	D	Loud	1	0	30	20	8000	5.264	-32.36
375	D	Loud	1	0	30	20	1000	2.477	-55.87
376	D	Loud	2	0	30	20	8000	4.753	-35.68
376	D	Loud	2	0	30	20	1000	2.085	-63.43
377	D	Loud	3	0	30	20	8000	4.905	-35.19
377	D	Loud	3	0	30	20	1000	2.55	-62.24
378	D	Loud	5	0	30	20	8000	5.024	-35.28
378	D	Loud	5	0	30	20	1000	2.649	-58.19
379	D	Loud	6	0	30	20	8000	4.928	-35.17
379	D	Loud	6	0	30	20	1000	2.506	-63.9
380	D	Loud	7	0	30	20	8000	4.846	-30.05
380	D	Loud	7	0	30	20	1000	2.382	-60.17
381	D	Loud	8	0	30	20	8000	4.944	-33.46
381	D	Loud	8	0	30	20	1000	2.49	-64.06
382	D	Loud	9	0	30	20	8000	4.486	-31.96
382	D	Loud	9	0	30	20	1000	2.31	-61.89
383	Bottom	Loud	1	0	30	20	8000	4.968	-26.4
383	Bottom	Loud	1	0	30	20	1000	1.727	-52.35
384	Bottom	Loud	2	0	30	20	8000	5.752	-36.11
384	Bottom	Loud	2	0	30	20	1000	3.017	-51.23
385	Bottom	Loud	3	0	30	20	8000	5.368	-28
385	Bottom	Loud	3	0	30	20	1000	1.931	-52.7
386	Bottom	Loud	4	0	30	20	8000	5.146	-28.43
386	Bottom	Loud	4	0	30	20	1000	2.368	-56.88
387	Bottom	Loud	5	0	30	20	8000	5.474	-19.84
387	Bottom	Loud	5	0	30	20	1000	3.024	-42.11
388	Bottom	Loud	6	0	30	20	8000	5.016	-27.26
388	Bottom	Loud	6	0	30	20	1000	2.456	-51.91
389	Bottom	Loud	7	0	30	20	8000	5.34	-30.1
389	Bottom	Loud	7	0	30	20	1000	1.754	-49.87
390	Bottom	Loud	8	0	30	20	8000	5.138	-29.54
390	Bottom	Loud	8	0	30	20	1000	2.226	-54.99
391	Bottom	Loud	9	0	30	20	8000	5.025	-27.14
391	Bottom	Loud	9	0	30	20	1000	2.063	-53.52
392	D	Quiet	1	0	30	20	8000	4.94	-40.82
392	D	Quiet	1	0	30	20	1000	1.312	-60.23
393	D	Quiet	2	0	30	20	8000	4.724	-35.1
393	D	Quiet	2	0	30	20	1000	2.132	-58.04
394	D	Quiet	3	0	30	20	8000	4.643	-30.98
394	D	Quiet	3	0	30	20	1000	1.951	-52.17
395	D	Quiet	4	0	30	20	8000	4.326	-37.88
395	D	Quiet	4	0	30	20	1000	2.155	-59.24
396	D	Quiet	5	0	30	20	8000	5.017	-37.64
396	D	Quiet	5	0	30	20	1000	2.199	-57.43
397	D	Quiet	7	0	30	20	8000	4.691	-36.59
397	D	Quiet	7	0	30	20	1000	2.015	-59.76
398	D	Quiet	8	0	30	20	8000	5.252	-37.28
398	D	Quiet	8	0	30	20	1000	2.087	-59.1
399	D	Quiet	9	0	30	20	8000	5.223	-35.27
399	D	Quiet	9	0	30	20	1000	2.099	-56.74
400	C	Quiet	1	0	30	20	8000	4.851	-40.88
400	C	Quiet	1	0	30	20	1000	1.583	-60.47
401	C	Quiet	2	0	30	20	8000	5.003	-41.96
401	C	Quiet	2	0	30	20	1000	1.38	-60.86
402	C	Quiet	3	0	30	20	8000	4.853	-42.95
402	C	Quiet	3	0	30	20	1000	1.653	-60.75
403	C	Quiet	4	0	30	20	8000	4.611	-41.59
403	C	Quiet	4	0	30	20	1000	1.538	-60.82
404	C	Quiet	5	0	30	20	8000	4.938	-40.41
404	C	Quiet	5	0	30	20	1000	2.205	-64.58
405	C	Quiet	6	0	30	20	8000	4.684	-45.22
405	C	Quiet	6	0	30	20	1000	1.426	-65.99
406	C	Quiet	7	0	30	20	8000	4.977	-41.84
406	C	Quiet	7	0	30	20	1000	1.372	-66.03
407	C	Quiet	8	0	30	20	8000	5.039	-43.02
407	C	Quiet	8	0	30	20	1000	2.258	-64.72
408	C	Quiet	9	0	30	20	8000	5.189	-45.86
408	C	Quiet	9	0	30	20	1000	1.696	-65.88
409	A	Quiet	1	0	30	20	8000	5.025	-47.69
409	A	Quiet	1	0	30	20	1000	1.822	-65.1
410	A	Quiet	2	0	30	20	8000	4.999	-44.11
410	A	Quiet	2	0	30	20	1000	2.208	-62.41
411	A	Quiet	3	0	30	20	8000	4.91	-44.01
411	A	Quiet	3	0	30	20	1000	2.034	-64.86
412	A	Quiet	4	0	30	20	8000	4.964	-45.72
412	A	Quiet	4	0	30	20	1000	1.837	-65.71
413	A	Quiet	5	0	30	20	8000	5.037	-46.35
413	A	Quiet	5	0	30	20	1000	2.22	-64.88
414	A	Quiet	6	0	30	20	8000	5.088	-47.55
414	A	Quiet	6	0	30	20	1000	2.118	-63.68
415	A	Quiet	7	0	30	20	8000	4.947	-42.29
415	A	Quiet	7	0	30	20	1000	2.226	-64.02
416	A	Quiet	8	0	30	20	8000	4.991	-41.59
416	A	Quiet	8	0	30	20	1000	2.544	-63.55
417	A	Quiet	9	0	30	20	8000	5.12	-45.37
417	A	Quiet	9	0	30	20	1000	2.769	-61.73
418	B	Quiet	1	0	30	20	8000	4.683	-40.33
418	B	Quiet	1	0	30	20	1000	1.694	-60.08
419	B	Quiet	2	0	30	20	8000	4.96	-43.03
419	B	Quiet	2	0	30	20	1000	0.866	-60.13
420	B	Quiet	3	0	30	20	8000	4.845	-44.87
420	B	Quiet	3	0	30	20	1000	1.128	-60.9
421	B	Quiet	4	0	30	20	8000	4.652	-42.48
421	B	Quiet	4	0	30	20	1000	1.109	-60.49
422	B	Quiet	5	0	30	20	8000	4.903	-44.98
422	B	Quiet	5	0	30	20	1000	1.07	-61.05
423	B	Quiet	6	0	30	20	8000	4.975	-44.33
423	B	Quiet	6	0	30	20	1000	1.109	-60.83
424	B	Quiet	7	0	30	20	8000	5.074	-40.28
424	B	Quiet	7	0	30	20	1000	2.164	-59.18
425	B	Quiet	8	0	30	20	8000	4.991	-43.07
425	B	Quiet	8	0	30	20	1000	0.694	-61.46
426	B	Quiet	9	0	30	20	8000	5.006	-45.47
426	B	Quiet	9	0	30	20	1000	0.915	-61.42
427	Bottom	Tunnel	1	0	30	20	8000	4.756	-36.15
427	Bottom	Tunnel	1	0	30	20	1000	0.603	-61.49
428	Bottom	Tunnel	2	0	30	20	8000	4.404	-31.66
428	Bottom	Tunnel	2	0	30	20	1000	1.153	-61.03
429	Bottom	Tunnel	3	0	30	20	8000	5.009	-33.82
429	Bottom	Tunnel	3	0	30	20	1000	1.308	-63.28
430	A	Tunnel	1	0	30	20	8000	5.135	-37.09
430	A	Tunnel	1	0	30	20	1000	1.509	-66.16
431	A	Tunnel	2	0	30	20	8000	4.982	-37.63
431	A	Tunnel	2	0	30	20	1000	1.275	-66.29
432	A	Tunnel	3	0	30	20	8000	5.1	-38.5
432	A	Tunnel	3	0	30	20	1000	1.742	-66.27
433	Top	Tunnel	1	0	30	20	8000	5.422	-39.05
433	Top	Tunnel	1	0	30	20	1000	1.785	-65.87
434	Top	Tunnel	2	0	30	20	8000	4.873	-39.17
434	Top	Tunnel	2	0	30	20	1000	1.406	-65.87
435	Top	Tunnel	3	0	30	20	8000	5.453	-44.39
435	Top	Tunnel	3	0	30	20	1000	1.395	-65.88
436	B	Tunnel	1	0	30	20	8000	4.86	-34.82
436	B	Tunnel	1	0	30	20	1000	1.092	-66.21
437	B	Tunnel	2	0	30	20	8000	5.329	-42.51
437	B	Tunnel	2	0	30	20	1000	1.05	-65.74
438	B	Tunnel	3	0	30	20	8000	4.785	-38.93
438	B	Tunnel	3	0	30	20	1000	1.192	-65.96
439	Bottom	Quiet	1	0	30	20	8000	4.859	-39.21
439	Bottom	Quiet	1	0	30	20	1000	1.901	-64.53
440	Bottom	Quiet	2	0	30	20	8000	4.809	-42.59
440	Bottom	Quiet	2	0	30	20	1000	2.033	-65.31
441	Bottom	Quiet	3	0	30	20	8000	4.879	-47.49
441	Bottom	Quiet	3	0	30	20	1000	1.357	-65.77
442	Bottom	Quiet	4	0	30	20	8000	4.615	-42.14
442	Bottom	Quiet	4	0	30	20	1000	1.341	-66.34
443	Bottom	Quiet	5	0	30	20	8000	5.173	-45.82
443	Bottom	Quiet	5	0	30	20	1000	0.591	-57.21
444	Bottom	Quiet	6	0	30	20	8000	5.249	-45.4
444	Bottom	Quiet	6	0	30	20	1000	1.354	-64.39
445	Bottom	Quiet	7	0	30	20	8000	5.078	-45.81
445	Bottom	Quiet	7	0	30	20	1000	0.799	-60.78
446	Bottom	Quiet	8	0	30	20	8000	5.336	-45.75
446	Bottom	Quiet	8	0	30	20	1000	0.811	-60.8
447	Bottom	Quiet	9	0	30	20	8000	4.797	-38.42
447	Bottom	Quiet	9	0	30	20	1000	1.028	-61.41